glenn@Taniyama ~/laughing-adventure/root_finder $ ./Bisection 1 2 1e-12
       n        x     f(x)
--------------------------
       0  1.50000 -1.45854
       1  1.75000 -0.79483
       2  1.87500 -0.39876
       3  1.93750 -0.18746
       4  1.96875 -0.07888
       5  1.98438 -0.02392
       6  1.99219  0.00372
       7  1.98828 -0.01011
       8  1.99023 -0.00320
       9  1.99121  0.00026
      10  1.99072 -0.00147
      11  1.99097 -0.00060
      12  1.99109 -0.00017
      13  1.99115  0.00005
      14  1.99112 -0.00006
      15  1.99113 -0.00001
      16  1.99114  0.00002
      17  1.99114  0.00001
      18  1.99114 -0.00000
      19  1.99114  0.00000
      20  1.99114  0.00000
      21  1.99114 -0.00000
      22  1.99114 -0.00000
      23  1.99114  0.00000
      24  1.99114 -0.00000
      25  1.99114  0.00000
      26  1.99114 -0.00000
      27  1.99114  0.00000
      28  1.99114 -0.00000
      29  1.99114 -0.00000
      30  1.99114  0.00000
      31  1.99114  0.00000
      32  1.99114  0.00000
      33  1.99114  0.00000
      34  1.99114  0.00000
      35  1.99114  0.00000
      36  1.99114 -0.00000
      37  1.99114 -0.00000
--------------------------
Total iterations: 37
f( 1.991137 ) = -0.000000


glenn@Taniyama ~/laughing-adventure/root_finder $ ./Newtons 7 1e-12
       n        x     f(x)
--------------------------
       1  6.69233 -22.49904
       2  6.25358 -8.98781
       3  5.79618 -2.88441
       4  5.50835 -0.53761
       5  5.43123 -0.01831
       6  5.42834  0.00045
       7  5.42841 -0.00001
       8  5.42841  0.00000
       9  5.42841 -0.00000
      10  5.42841  0.00000
      11  5.42841 -0.00000
      12  5.42841  0.00000
--------------------------
Total iterations: 11
f( 5.428405 ) = 0.000000


lenn@Taniyama ~/laughing-adventure/root_finder $ ./Secant 4 5 1e-12
       n        x     f(x)
--------------------------
       1  5.00000  1.95501
       2  5.73830 -1.77754
       3  5.38670  0.30757
       4  5.43857  0.04706
       5  5.44794 -0.00136
       6  5.44767  0.00001
       7  5.44767  0.00000
       8  5.44767 -0.00000
--------------------------
Total iterations: 8
f( 5.447673 ) = 0.000000
